01727926854
01723198862
01727926854
01723198862
01927789261
01927789291
01927789261
01927789291
01927789303
01927789312
01727926854
01723198862
01793858912
01793858892
01793858903
01793858912
01793858916
01793858926
01793858927
01793858931
01793858934
01793858938
01927789303
01927789303
01927789303
01927789303
01927789303
01927789303
01927789303
01927789303
01927789303
01927789303
01927789303
01927789303
01927789303
01927789303
01927789303
01927789303
01927789303
01927789303
01927789291
01927789303
01927789312
01727926854
01723198862
01793858912
01927789291
01927789303
01927789312
01727926854
01723198862
01793858912
01793858892
01927789291
01927789303
01927789291
01927789303
01927789312
01727926854
01723198862
01793858912
01793858892
01927789291
01927789303
01927789312
01793858903
01793858912
01927789291
01713744750
01713744761 
01927789303
01927789291
01713744750
01713744761 
01927789303
01927789312
01727926854
01723198862
01793858912
01793858892
01927789291
01713744750
01713744761 
01927789303
01927789312
01727926854
01723198862
01793858912
01793858892
01927789291
01927789303
01927789312
01793858903
01793858912
01793858916
01793858926
01793858927
01793858931
01927789303
01927789291
01927789291
01927789291
01713744750
01927789291
01713744750
01927789291
01713744750
01723198870
01723198871
01723198872
01723198873
01927789291
01723198870
01723198871
01723198872
01723198873
01927789291
01819244972
01723198870
01723198871
01723198872
01723198873
